3 0.1966814160346985 0.8374504089355469 0.12050340175628663 0.24879065619574653
1 0.55484540071542 0.7866052451952353 0.07143269280230696 0.11106673399152131
1 0.3891019023625195 0.5797245884214475 0.04262336038910182 0.08297221083269726
4 0.7276555816684142 0.30296925547467124 0.02997230681697877 0.03847686137251995
1 0.5342109203338623 0.6723859151204427 0.05511207580566406 0.09253692626953125
1 0.7565202188927627 0.9126789136812425 0.09484771981426726 0.09803242790454245
4 0.5348094940185546 0.673909420437283 0.055409812927246095 0.08942413330078125
4 0.4081858407079646 0.6135693215339232 0.0243362831858407 0.05113077679449361
1 0.5022977941176471 0.4240196078431373 0.006433823529411739 0.0016339869281045338
2 0.8708639705882354 0.8080065359477123 0.011948529411764781 0.03431372549019599
