1 0.8888872146606446 0.34946560329861115 0.03146438598632813 0.041064453125
1 0.315979528427124 0.29771279229058156 0.06758089065551758 0.03702663845486111
1 0.7678786754608135 0.35369284414556923 0.05999336242675765 0.04654845138442588
3 0.47351574897766113 0.21402204301622177 0.08480463027954102 0.06775826348198785
1 0.9747179031372071 0.40118374294704856 0.04335365295410156 0.05811818440755209
1 0.39870066642761226 0.25015402733466446 0.06545305252075197 0.03580059808132221
1 0.576114845275879 0.25376112196180556 0.05872135162353516 0.02643864949544271
1 0.8064258337020874 0.27079709370930993 0.048571443557739256 0.03542531331380208
1 0.7970807552337646 0.27159190707736547 0.0672144889831543 0.035995229085286455
1 0.9837598323822021 0.333788341946072 0.0324803352355957 0.034036678738064235
0 0.01886148750782013 0.4775611877441406 0.03767273426055908 0.030545722113715278
