1 0.3209218978881836 0.43949449327256945 0.09766654968261719 0.07310977511935764
1 0.6081315040588379 0.5997018602159288 0.13311710357666015 0.09969651963975695
2 0.9073846817016602 0.41448003980848525 0.0471466064453125 0.05229932996961805
1 0.24527156352996826 0.661060078938802 0.1109461784362793 0.09461127387152776
1 0.25034544467926023 0.4325948079427084 0.07980189323425294 0.06504016452365452
2 0.6421694755554199 0.3779623243543837 0.06097888946533203 0.04694603814019097
1 0.9751090049743653 0.3772097269694011 0.04978199005126953 0.07951609293619792
1 0.9753370761871338 0.3499530368381077 0.04932584762573242 0.13065990871853297
2 0.8505027770996094 0.38359654744466143 0.020800018310546876 0.0266510009765625
1 0.6348106774989118 0.8770491803278689 0.24882126795299556 0.12204007285974497
2 0.5040983606557377 0.48998178506375223 0.053278688524590126 0.01821493624772316
