1 0.36636695861816404 0.2806500964694553 0.06579360961914063 0.03765733506944444
2 0.8887210845947265 0.3491282992892796 0.03143653869628906 0.0411376953125
1 0.4192435264587401 0.22413260632344273 0.058548164367675765 0.06927417198310633
1 0.7966276168823238 0.372379041696003 0.049876594543457 0.1274617652408065
3 0.4709616184234619 0.21297200520833331 0.09017419815063477 0.06733771430121528
2 0.9739263534545899 0.401587634616428 0.041376686096191405 0.055046166314019096
1 0.7811242278873831 0.2732822611500429 0.044214665186386795 0.037390090605207926
1 0.5763286590576172 0.2539918263753255 0.059063720703125 0.026225365532769097
0 0.019008898735046388 0.4773871527777777 0.038017797470092776 0.02824681599934896
1 0.8124054462934948 0.26877850998948594 0.042360060514371606 0.05378106053398388
