1 0.5786637931034483 0.24066091954022986 0.035560344827586195 0.041666666666666644
4 0.2764008620689655 0.3153735632183908 0.017780172413793097 0.02729885057471261
2 0.24771012931034483 0.5977011494252874 0.013739224137931067 0.034482758620689606
4 0.23720366379310348 0.39152298850574707 0.020204741379310356 0.041666666666666644
4 0.5079471982758621 0.3311781609195403 0.01697198275862071 0.027298850574712645
4 0.4929956896551724 0.31321839080459773 0.01616379310344833 0.02298850574712649
1 0.580279743768835 0.4734195402298848 0.061423271083017456 0.10201149425287326
3 0.09415473779502205 0.8886494252873558 0.1462823275862069 0.22270114942528635
2 0.858295377729556 0.9727011494252865 0.04040583927648534 0.05459770114942339
2 0.65625 0.2564655172413793 0.008081896551723986 0.012931034482758612
2 0.6994881465517241 0.21623563218390804 0.03313577586206904 0.05316091954022987
